0.468
0.453
0.44
0.434
0.433
0.43
0.41
0.394
0.382
0.379
0.37
0.36
0.352
0.351
0.346
0.341
0.341
0.34
0.337
0.332
0.331
0.33
0.33
0.33
0.327
0.325
0.325
0.322
0.32
0.319
0.319
0.318
0.317
0.317
0.311
0.31
0.309
0.308
0.307
0.301
0.3
0.299
0.298
0.297
0.294
0.293
0.293
0.292
0.291
0.291
0.29
0.288
0.287
0.285
0.285
0.285
0.284
0.283
0.283
0.283
0.281
0.281
0.277
0.276
0.273
0.272
0.271
0.269
0.269
0.269
0.268
0.266
0.266
0.263
0.262
0.262
0.262
0.258
0.256
0.254
0.251
0.251
0.248
0.245
0.244
0.243
0.241
0.234
0.232
0.222
0.216
0.201
0.196
0.195
0.193
0.179
0.177
0.16
0.158
0.15
