0.221
0.193
0.176
0.168
0.2
0.142
0.134
0.163
0.162
0.141
0.147
0.124
0.158
0.103
0.132
0.12
0.164
0.112
0.14
0.124
0.109
0.109
0.125
0.133
0.089
0.123
0.111
0.097
0.115
0.099
0.155
0.117
0.112
0.109
0.129
0.132
0.12
0.123
0.104
0.127
0.157
0.097
0.131
0.097
0.132
0.1
0.154
0.132
0.105
0.091
0.147
0.107
0.094
0.099
0.108
0.083
0.134
0.114
0.122
0.096
0.107
0.106
0.105
0.128
0.094
0.125
0.117
0.088
0.097
0.122
0.102
0.118
0.078
0.083
0.092
0.09
0.1
0.085
0.099
0.098
0.089
0.151
0.106
0.094
0.11
0.093
0.082
0.099
0.083
0.057
0.1
0.102
0.114
0.098
0.071
0.088
0.08
0.082
0.073
0.089
