46.8 22.1
45.3 19.3
44.0 17.6
43.4 16.8
43.3 20.0
43.0 14.2
41.0 13.4
39.4 16.3
38.2 16.2
37.9 14.1
37.0 14.7
36.0 12.4
35.2 15.8
35.1 10.3
34.6 13.2
34.1 12.0
34.1 16.4
34.0 11.2
33.7 14.0
33.2 12.4
33.1 10.9
33.0 10.9
33.0 12.5
33.0 13.3
32.7 8.9
32.5 12.3
32.5 11.1
32.2 9.7
32.0 11.5
31.9 9.9
31.9 15.5
31.8 11.7
31.7 11.2
31.7 10.9
31.1 12.9
31.0 13.2
30.9 12.0
30.8 12.3
30.7 10.4
30.1 12.7
30.0 15.7
29.9 9.7
29.8 13.1
29.7 9.7
29.4 13.2
29.3 10.0
29.3 15.4
29.2 13.2
29.1 10.5
29.1 9.1
29.0 14.7
28.8 10.7
28.7 9.4
28.5 9.9
28.5 10.8
28.5 8.3
28.4 13.4
28.3 11.4
28.3 12.2
28.3 9.6
28.1 10.7
28.1 10.6
27.7 10.5
27.6 12.8
27.3 9.4
27.2 12.5
27.1 11.7
26.9 8.8
26.9 9.7
26.9 12.2
26.8 10.2
26.6 11.8
26.6 7.8
26.3 8.3
26.2 9.2
26.2 9.0
26.2 10.0
25.8 8.5
25.6 9.9
25.4 9.8
25.1 8.9
25.1 15.1
24.8 10.6
24.5 9.4
24.4 11.0
24.3 9.3
24.1 8.2
23.4 9.9
23.2 8.3
22.2 5.7
21.6 10.0
20.1 10.2
19.6 11.4
19.5 9.8
19.3 7.1
17.9 8.8
17.7 8.0
16.0 8.2
15.8 7.3
15.0 8.9
