601723
945942
144229
805235
233209
617594
403892
790390
600158
382578
608660
8175133
112488
620961
124775
420003
416427
2695598
1307402
97856
1526006
408958
583776
210565
181045
787033
459787
731424
203433
120083
337256
129779
594833
204214
1197816
3792621
32736
197899
820445
82825
520116
319294
129272
601222
466488
296943
545852
145170
153060
305704
186440
178874
49528
437994
199110
178042
2099451
205671
173514
261310
399457
238300
396815
579999
713777
1445632
382368
821784
58409
55759
343829
229493
118032
212237
188040
335709
193524
741096
269666
1327407
646889
103190
391906
195844
141527
287208
156633
154305
167674
76089
583756
494665
649121
303871
66982
94406
291707
201165
129877
347483
